<?xml version="1.0"?>
<opencv_storage>
    <type> 1 </type> <!-- type1: single, type2: stereo -->
    <width>640</width>
    <height>480</height>
    <focal_length>200</focal_length>
    <baseline>95</baseline>
    <fps>30</fps>
    <K1 type_id = "opencv-matrix">
        <rows>3</rows>
        <cols>3</cols>
        <dt>d</dt>
        <data> 490.4237248866583 0. 297.5807424561592
            0. 490.7664261500925 219.8011432755576
            0. 0. 1.</data>
    </K1>
    <D1 type_id = "opencv-matrix">
        <rows>1</rows>
        <cols>5</cols>
        <dt>d</dt>
        <data> 0.04093130689240734 -0.03146099365745481 -0.0005167953452811876 -0.001460748801018698 -0.05034587852067374</data>
    </D1>
    <R_1_cl type_id = "opencv-matrix"> 
        <rows>3</rows>
        <cols>3</cols>
        <dt>d</dt>
        <data> 0. -1. 0. 1. 0. 0. 0. 0. 1.</data>
    </R_1_cl>
    <t_1_cl type_id = "opencv-matrix">
        <rows>3</rows>
        <cols>1</cols>
        <dt>d</dt>
        <data> -47.5 -100. 0.</data>
    </t_1_cl>
    
    <K2 type_id = "opencv-matrix">
        <rows>3</rows>
        <cols>3</cols>
        <dt>d</dt>
        <data> 491.6366931521698 0. 339.7251988321957
            0. 491.242111198723 260.3761149158266
            0. 0. 1.</data>
    </K2>
    <D2 type_id = "opencv-matrix">
        <rows>1</rows>
        <cols>5</cols>
        <dt>d</dt>
        <data> 0.03530140272008272 -0.001542292643115771 -2.545709038198956e-05 -0.001089698165124772 -0.1064033886922735</data>
    </D2>
    <R_2_cl type_id = "opencv-matrix"> 
        <rows>3</rows>
        <cols>3</cols>
        <dt>d</dt>
        <data> 0. -1. 0. 1. 0. 0. 0. 0. 1.</data>
    </R_2_cl>
    <t_2_cl type_id = "opencv-matrix">
        <rows>3</rows>
        <cols>1</cols>
        <dt>d</dt>
        <data>47.5 -100. 0.</data>
    </t_2_cl>
</opencv_storage>