<?xml version="1.0"?>
<opencv_storage>
    <type> 2 </type> <!-- type1: single, type2: stereo -->
    <width>1280</width>
    <height>480</height>
    <focal_length>3</focal_length>
    <baseline>120</baseline>
    <K1 type_id = "opencv-matrix">
        <rows>3</rows>
        <cols>3</cols>
        <dt>d</dt>
        <data> 402.4079672377263 0. 345.4163022823997
            0. 402.4054470341466 223.5127011286019
            0. 0. 1.</data>
    </K1>
    <D1 type_id = "opencv-matrix">
        <rows>1</rows>
        <cols>5</cols>
        <dt>d</dt>
        <data> -0.4107425953455529 0.237891432080615 -0.0001819024353776334 0.0002936967863045158 -0.08131943036871715</data>
    </D1>
    <R_1_cl type_id = "opencv-matrix"> 
        <rows>3</rows>
        <cols>3</cols>
        <dt>d</dt>
        <data> 1. 0. 0. 0. 1. 0. 0. 0. 1.</data>
    </R_1_cl>
    <t_1_cl type_id = "opencv-matrix">
        <rows>3</rows>
        <cols>1</cols>
        <dt>d</dt>
        <data>77.5 60. 0.</data>
    </t_1_cl>
    
    <K2 type_id = "opencv-matrix">
        <rows>3</rows>
        <cols>3</cols>
        <dt>d</dt>
        <data> 399.1707509564278 0. 317.3460982237752
            0. 399.4635354242915 224.3576337565277
            0. 0. 1.</data>
    </K2>
    <D2 type_id = "opencv-matrix">
        <rows>1</rows>
        <cols>5</cols>
        <dt>d</dt>
        <data> -0.4113102635429714 0.2469306310578464 5.664433117906861e-05 -0.0001473397365890467 -0.09448132202421518</data>
    </D2>
    <R_2_cl type_id = "opencv-matrix"> 
        <rows>3</rows>
        <cols>3</cols>
        <dt>d</dt>
        <data> 1. 0. 0. 0. 1. 0. 0. 0. 1.</data>
    </R_2_cl>
    <t_2_cl type_id = "opencv-matrix">
        <rows>3</rows>
        <cols>1</cols>
        <dt>d</dt>
        <data>77.5 -60. 0.</data>
    </t_2_cl>
</opencv_storage>